0022201229
0022201220
0022201225
0022201216
0022201222
0022201213
0022201203
0022201210
0022201204
0022201205
0022201209
0022201202
0022201199
0022201201
0022201190
0022201192
0022201195
0022201196
0022201194
0022201186
0022201178
0022201180
0022201181
0022201168
0022201175
0022201166
0022201164
0022201170
0022201167
0022201162
0022201161
0022201149
0022201155
0022201151
0022201150
0022201152
0022201160
0022201141
0022201144
0022201138
0022201142
0022201139
0022201137
0022201134
0022201131
0022201133
0022201122
0022201126
0022201128
0022201121
0022201120
0022201115
0022201113
0022201111
0022201106
0022201105
0022201103
0022201101
0022201094
0022201093
0022201084
0022201088
0022201086
0022201090
0022201085
0022201079
0022201082
0022201073
0022201071
0022201072
0022201076
0022201075
0022201070
0022201065
0022201063
0022201068
0022201064
0022201055
0022201056
0022201062
0022201054
0022201051
0022201048
0022201050
0022201052
0022201046
0022201043
0022201037
0022201041
0022201035
0022201038
0022201039
0022201040
0022201026
0022201022
0022201024
0022201019
0022201014
0022201015
0022201008
0022201006
0022201009
0022201010
0022201005
0022201013
0022201012
0022200998
0022200999
0022201002
0022201000
0022201001
0022200997
0022200995
0022200993
0022200994
0022200985
0022200988
0022200991
0022200987
0022200982
0022200769
0022200983
0022200979
0022200984
0022200972
0022200977
0022200974
0022200975
0022200971
0022200966
0022200963
0022200973
0022200962
0022200970
0022200964
0022200969
0022200961
0022200960
0022200956
0022200958
0022200954
0022200953
0022200955
0022200949
0022200943
0022200940
0022200934
0022200935
0022200928
0022200925
0022200923
0022200930
0022200929
0022200932
0022200922
0022200920
0022200911
0022200913
0022200916
0022200910
0022200915
0022200908
0022200904
0022200903
0022200899
0022200895
0022200898
0022200902
0022200889
0022200887
0022200888
0022200892
0022200886
0022200890
0022200885
0022200884
0022200874
0022200879
0022200875
0022200881
0022200869
0022200864
0022200865
0022200863
0022200861
0022200857
0022200858
0022200866
0022200859
0022200856
0022200853
0022200848
0022200854
0022200851
0022200852
0022200846
0022200835
0022200839
0022200840
0022200844
0022200843
0022200832
0022200834
0022200830
0022200825
0022200824
0022200829
0022200827
0022200821
0022200817
0022200816
0022200818
0022200810
0022200802
0022200805
0022200798
0022200796
0022200800
0022200797
0022200795
0022200793
0022200792
0022200786
0022200789
0022200785
0022200790
0022200787
0022200778
0022200780
0022200782
0022200784
0022200774
0022200773
0022200776
0022200764
0022200767
0022200765
0022200768
0022200766
0022200759
0022200762
0022200761
0022200763
0022200758
0022200752
0022200746
0022200742
0022200750
0022200749
0022200745
0022200741
0022200743
0022200738
0022200734
0022200730
0022200731
0022200729
0022200724
0022200726
0022200725
0022200722
0022200720
0022200723
0022200721
0022200714
0022200717
0022200716
0022200715
0022200713
0022200709
0022200705
0022200704
0022200702
0022200703
0022200700
0022200699
0022200694
0022200696
0022200697
0022200692
0022200698
0022200685
0022200690
0022200691
0022200687
0022200681
0022200679
0022200680
0022200672
0022200670
0022200671
0022200676
0022200677
0022200666
0022200667
0022200665
0022200662
0022200664
0022200659
0022200660
0022200661
0022200655
0022200653
0022200646
0022200645
0022200638
0022200634
0022200637
0022200632
0022200633
0022200631
0022200628
0022200630
0022200620
0022200622
0022200623
0022200619
0022200611
0022200616
0022200614
0022200607
0022200606
0022200608
0022200604
0022200600
0022200599
0022200598
0022200601
0022200595
0022200591
0022200592
0022200586
0022200580
0022200582
0022200589
0022200576
0022200569
0022200573
0022200571
0022200568
0022200567
0022200574
0022200575
0022200565
0022200570
0022200563
0022200556
0022200551
0022200558
0022200554
0022200553
0022200546
0022200540
0022200542
0022200538
0022200533
0022200537
0022200535
0022200536
0022200530
0022200524
0022200523
0022200527
0022200525
0022200517
0022200520
0022200519
0022200522
0022200521
0022200513
0022200506
0022200512
0022200514
0022200500
0022200503
0022200498
0022200493
0022200497
0022200494
0022200480
0022200488
0022200487
0022200492
0022200485
0022200486
0022200478
0022200477
0022200471
0022200474
0022200469
0022200468
0022200472
0022200466
0022200473
0022200464
0022200457
0022200460
0022200453
0022200458
0022200454
0022200446
0022200445
0022200450
0022200451
0022200447
0022200440
0022200443
0022200438
0022200444
0022200431
0022200433
0022200430
0022200435
0022200429
0022200424
0022200426
0022200417
0022200414
0022200419
0022200418
0022200415
0022200413
0022200405
0022200406
0022200402
0022200401
0022200395
0022200396
0022200400
0022200393
0022200390
0022200388
0022200389
0022200387
0022200394
0022200380
0022200379
0022200386
0022200376
0022200374
0022200375
0022200370
0022200367
0022200364
0022200372
0022200363
0022200371
0022200362
0022200352
0022200353
0022200355
0022200357
0022200356
0022200354
0022200359
0022200350
0022200343
0022200341
0022200339
0022200334
0022200328
0022200336
0022200331
0022200332
0022200327
0022200326
0022200329
0022200325
0022200316
0022200319
0022200315
0022200317
0022200310
0022200311
0022200307
0022200304
0022200302
0022200299
0022200308
0022200306
0022200298
0022200296
0022200293
0022200294
0022200295
0022200289
0022200288
0022200286
0022200283
0022200278
0022200272
0022200274
0022200273
0022200277
0022200281
0022200267
0022200263
0022200265
0022200260
0022200268
0022200270
0022200258
0022200257
0022200256
0022200248
0022200252
0022200255
0022200251
0022200246
0022200245
0022200242
0022200241
0022200236
0022200237
0022200238
0022200235
0022200224
0022200226
0022200231
0022200228
0022200232
0022200227
0022200234
0022200223
0022200221
0022200219
0022200218
0022200213
0022200215
0022200208
0022200209
0022200207
0022200199
0022200200
0022200201
0022200202
0022200193
0022200197
0022200195
0022200190
0022200186
0022200185
0022200178
0022200182
0022200183
0022200172
0022200173
0022200174
0022200160
0022200171
0022200162
0022200166
0022200161
0022200168
0022200169
0022200165
0022200156
0022200155
0022200145
0022200158
0022200146
0022200154
0022200152
0022200147
0022200150
0022200144
0022200141
0022200143
0022200142
0022200134
0022200133
0022200132
0022200121
0022200122
0022200127
0022200130
0022200124
0022200128
0022200126
0022200118
0022200117
0022200107
0022200112
0022200109
0022200116
0022200115
0022200104
0022200105
0022200106
0022200103
0022200102
0022200096
0022200098
0022200097
0022200100
0022200092
0022200093
0022200085
0022200083
0022200081
0022200084
0022200087
0022200082
0022200086
0022200077
0022200076
0022200072
0022200066
0022200067
0022200057
0022200063
0022200058
0022200053
0022200048
0022200045
0022200050
0022200037
0022200042
0022200040
0022200031
0022200028
0022200035
0022200036
0022200030
0022200029
0022200018
0022200026
0022200027
0022200025
0022200024
0022200019
0022200022
0022200021
0022200015
0022200016
0022200013
0022200014
0022200008
0022200004
0022200010
0022200007
0022200009
0022200003
0022200001
