0022101224
0022101216
0022101229
0022101220
0022101215
0022101206
0022101207
0022101210
0022101198
0022101199
0022101197
0022101195
0022101185
0022101187
0022101179
0022101178
0022101173
0022101172
0022101170
0022101167
0022101169
0022101165
0022101163
0022101154
0022101157
0022101160
0022101159
0022101153
0022101155
0022101148
0022101147
0022101149
0022101139
0022101145
0022101136
0022101142
0022101144
0022101137
0022101133
0022101135
0022101131
0022101124
0022101130
0022101126
0022101128
0022101123
0022101122
0022101127
0022101117
0022101115
0022101120
0022101119
0022101107
0022101110
0022101108
0022101113
0022101100
0022101103
0022101101
0022101093
0022101090
0022101086
0022101081
0022101080
0022101071
0022101074
0022101078
0022101075
0022101079
0022101073
0022101069
0022101066
0022101065
0022101064
0022101070
0022101060
0022101061
0022101048
0022101053
0022101049
0022101051
0022101050
0022101043
0022101034
0022101040
0022101044
0022101036
0022101031
0022101022
0022101026
0022101020
0022101021
0022101027
0022101016
0022101014
0022101018
0022101012
0022101013
0022101015
0022101005
0022101010
0022101011
0022100995
0022100996
0022101002
0022101000
0022101003
0022100985
0022100992
0022100982
0022100984
0022100991
0022100987
0022100976
0022100977
0022100972
0022100968
0022100973
0022100528
0022100967
0022100960
0022100959
0022100954
0022100955
0022100946
0022100458
0022100949
0022100947
0022100953
0022100948
0022100941
0022100943
0022100944
0022100942
0022100710
0022100936
0022100935
0022100933
0022100927
0022100926
0022100931
0022100928
0022100920
0022100917
0022100913
0022100916
0022100915
0022100907
0022100910
0022100905
0022100908
0022100911
0022100909
0022100904
0022100899
0022100898
0022100903
0022100897
0022100889
0022100892
0022100891
0022100887
0022100886
0022100885
0022100877
0022100882
0022100884
0022100879
0022100883
0022100875
0022100876
0022100878
0022100881
0022100873
0022100871
0022100870
0022100867
0022100868
0022100860
0022100858
0022100857
0022100854
0022100852
0022100851
0022100853
0022100846
0022100850
0022100845
0022100839
0022100842
0022100837
0022100832
0022100835
0022100829
0022100815
0022100814
0022100812
0022100807
0022100799
0022100787
0022100794
0022100795
0022100791
0022100789
0022100788
0022100430
0022100786
0022100783
0022100778
0022100775
0022100781
0022100773
0022100774
0022100779
0022100771
0022100784
0022100767
0022100759
0022100760
0022100761
0022100751
0022100755
0022100758
0022100750
0022100747
0022100748
0022100742
0022100735
0022100741
0022100738
0022100734
0022100728
0022100472
0022100724
0022100731
0022100453
0022100721
0022100716
0022100714
0022100730
0022100712
0022100713
0022100709
0022100700
0022100704
0022100708
0022100698
0022100702
0022100707
0022100696
0022100695
0022100686
0022100688
0022100692
0022100687
0022100694
0022100689
0022100690
0022100683
0022100682
0022100671
0022100677
0022100678
0022100669
0022100675
0022100680
0022100674
0022100679
0022100666
0022100659
0022100657
0022100663
0022100660
0022100665
0022100662
0022100651
0022100647
0022100648
0022100646
0022100641
0022100642
0022100643
0022100638
0022100636
0022100632
0022100628
0022100620
0022100623
0022100626
0022100616
0022100612
0022100613
0022100614
0022100615
0022100611
0022100609
0022100486
0022100607
0022100599
0022100601
0022100598
0022100602
0022100606
0022100593
0022100592
0022100584
0022100585
0022100590
0022100578
0022100580
0022100570
0022100573
0022100569
0022100574
0022100576
0022100571
0022100577
0022100575
0022100566
0022100562
0022100553
0022100559
0022100556
0022100555
0022100560
0022100550
0022100551
0022100547
0022100546
0022100548
0022100542
0022100544
0022100541
0022100540
0022100533
0022100530
0022100534
0022100525
0022100524
0022100520
0022100516
0022100517
0022100518
0022100514
0022100512
0022100515
0022100509
0022100513
0022100511
0022100510
0022100504
0022100503
0022100505
0022100500
0022100499
0022100497
0022100491
0022100492
0022100489
0022100490
0022100485
0022100482
0022100480
0022100478
0022100479
0022100481
0022100477
0022100470
0022100467
0022100457
0022100460
0022100450
0022100455
0022100448
0022100451
0022100445
0022100444
0022100442
0022100441
0022100447
0022100437
0022100435
0022100438
0022100439
0022100428
0022100429
0022100422
0022100419
0022100420
0022100414
0022100413
0022100416
0022100407
0022100405
0022100411
0022100402
0022100396
0022100395
0022100391
0022100384
0022100382
0022100385
0022100386
0022100378
0022100373
0022100370
0022100368
0022100371
0022100375
0022100366
0022100363
0022100360
0022100355
0022100358
0022100353
0022100350
0022100349
0022100345
0022100346
0022100343
0022100348
0022100333
0022100335
0022100341
0022100339
0022100336
0022100337
0022100328
0022100329
0022100322
0022100320
0022100321
0022100327
0022100319
0022100326
0022100324
0022100315
0022100316
0022100314
0022100306
0022100309
0022100305
0022100304
0022100293
0022100297
0022100298
0022100294
0022100296
0022100292
0022100287
0022100291
0022100286
0022100289
0022100269
0022100271
0022100279
0022100267
0022100276
0022100268
0022100264
0022100266
0022100263
0022100254
0022100262
0022100260
0022100261
0022100253
0022100250
0022100249
0022100248
0022100241
0022100239
0022100246
0022100243
0022100244
0022100234
0022100230
0022100236
0022100237
0022100231
0022100233
0022100223
0022100219
0022100218
0022100214
0022100222
0022100206
0022100203
0022100201
0022100199
0022100208
0022100192
0022100194
0022100190
0022100189
0022100185
0022100186
0022100175
0022100179
0022100174
0022100180
0022100182
0022100171
0022100173
0022100158
0022100165
0022100167
0022100162
0022100170
0022100155
0022100157
0022100154
0022100149
0022100147
0022100153
0022100141
0022100144
0022100143
0022100142
0022100133
0022100135
0022100134
0022100136
0022100137
0022100131
0022100124
0022100127
0022100123
0022100112
0022100111
0022100108
0022100114
0022100113
0022100116
0022100105
0022100107
0022100097
0022100100
0022100099
0022100102
0022100094
0022100089
0022100088
0022100083
0022100080
0022100087
0022100085
0022100081
0022100078
0022100079
0022100074
0022100071
0022100072
0022100065
0022100069
0022100067
0022100070
0022100060
0022100056
0022100055
0022100062
0022100061
0022100059
0022100053
0022100051
0022100047
0022100046
0022100036
0022100040
0022100034
0022100029
0022100028
0022100031
0022100027
0022100026
0022100024
0022100021
0022100019
0022100016
0022100004
0022100013
0022100003
0022100005
0022100002
