0021901317
0021901318
0021901308
0021901314
0021901312
0021901309
0021901305
0021901306
0021901304
0021901300
0021901302
0021901294
0021901296
0021901293
0021901287
0021901289
0021901288
0021901291
0021901286
0021901282
0021901284
0021901283
0021901281
0021901280
0021901274
0021901277
0021901264
0021901263
0021901262
0021901257
0021901260
0021901261
0021901258
0021901256
0021901251
0021901250
0021901254
0021901255
0021901248
0021901246
0021901245
0021901244
0021901249
0021901242
0021901238
0021901236
0021901234
0021901237
0021901231
0021901232
0021900969
0021900962
0021900964
0021900968
0021900963
0021900961
0021900960
0021900957
0021900959
0021900952
0021900949
0021900950
0021900956
0021900954
0021900946
0021900948
0021900942
0021900941
0021900940
0021900944
0021900936
0021900934
0021900930
0021900933
0021900929
0021900926
0021900922
0021900919
0021900918
0021900921
0021900923
0021900917
0021900914
0021900910
0021900916
0021900909
0021900911
0021900903
0021900908
0021900907
0021900900
0021900899
0021900897
0021900895
0021900893
0021900892
0021900889
0021900890
0021900880
0021900881
0021900879
0021900884
0021900874
0021900875
0021900873
0021900866
0021900869
0021900868
0021900864
0021900861
0021900859
0021900849
0021900852
0021900851
0021900842
0021900845
0021900848
0021900839
0021900835
0021900837
0021900832
0021900828
0021900827
0021900824
0021900821
0021900822
0021900819
0021900818
0021900808
0021900813
0021900815
0021900817
0021900812
0021900810
0021900802
0021900805
0021900795
0021900794
0021900798
0021900799
0021900787
0021900790
0021900792
0021900789
0021900786
0021900788
0021900783
0021900784
0021900781
0021900779
0021900780
0021900772
0021900770
0021900775
0021900771
0021900773
0021900776
0021900765
0021900767
0021900764
0021900762
0021900758
0021900760
0021900759
0021900755
0021900744
0021900743
0021900742
0021900745
0021900749
0021900750
0021900738
0021900737
0021900728
0021900731
0021900722
0021900725
0021900726
0021900718
0021900714
0021900711
0021900708
0021900699
0021900701
0021900704
0021900696
0021900698
0021900695
0021900690
0021900685
0021900686
0021900680
0021900683
0021900675
0021900678
0021900672
0021900673
0021900676
0021900668
0021900656
0021900658
0021900661
0021900663
0021900655
0021900659
0021900653
0021900641
0021900645
0021900649
0021900639
0021900644
0021900652
0021900650
0021900640
0021900638
0021900637
0021900630
0021900626
0021900631
0021900633
0021900628
0021900624
0021900622
0021900619
0021900623
0021900625
0021900616
0021900617
0021900615
0021900607
0021900612
0021900609
0021900608
0021900613
0021900606
0021900591
0021900595
0021900596
0021900592
0021900587
0021900584
0021900590
0021900579
0021900582
0021900568
0021900576
0021900573
0021900563
0021900562
0021900555
0021900558
0021900559
0021900548
0021900551
0021900549
0021900550
0021900542
0021900544
0021900543
0021900545
0021900541
0021900537
0021900534
0021900538
0021900532
0021900530
0021900526
0021900533
0021900529
0021900531
0021900521
0021900517
0021900514
0021900509
0021900511
0021900510
0021900515
0021900508
0021900506
0021900502
0021900503
0021900496
0021900491
0021900494
0021900486
0021900489
0021900475
0021900484
0021900483
0021900472
0021900476
0021900479
0021900471
0021900468
0021900470
0021900467
0021900465
0021900464
0021900463
0021900458
0021900444
0021900448
0021900446
0021900447
0021900452
0021900454
0021900449
0021900453
0021900451
0021900439
0021900442
0021900430
0021900435
0021900438
0021900429
0021900423
0021900427
0021900420
0021900417
0021900416
0021900419
0021900411
0021900413
0021900412
0021900409
0021900410
0021900407
0021900414
0021900405
0021900401
0021900404
0021900402
0021900400
0021900396
0021900397
0021900398
0021900399
0021900390
0021900392
0021900384
0021900381
0021900380
0021900387
0021900382
0021900386
0021900377
0021900378
0021900374
0021900372
0021900379
0021900367
0021900368
0021900363
0021900356
0021900366
0021900360
0021900365
0021900357
0021900358
0021900352
0021900353
0021900345
0021900347
0021900346
0021900348
0021900351
0021900335
0021900337
0021900338
0021900340
0021900333
0021900331
0021900324
0021900325
0021900322
0021900321
0021900320
0021900328
0021900316
0021900319
0021900311
0021900313
0021900312
0021900303
0021900300
0021900304
0021900298
0021900293
0021900294
0021900286
0021900285
0021900290
0021900284
0021900289
0021900280
0021900281
0021900277
0021900272
0021900269
0021900271
0021900274
0021900267
0021900268
0021900270
0021900278
0021900275
0021900261
0021900263
0021900260
0021900254
0021900257
0021900264
0021900259
0021900248
0021900240
0021900246
0021900244
0021900250
0021900237
0021900236
0021900231
0021900225
0021900232
0021900234
0021900227
0021900229
0021900228
0021900226
0021900223
0021900222
0021900224
0021900216
0021900219
0021900220
0021900214
0021900213
0021900210
0021900203
0021900202
0021900204
0021900212
0021900200
0021900201
0021900194
0021900197
0021900184
0021900187
0021900185
0021900175
0021900180
0021900181
0021900177
0021900172
0021900167
0021900168
0021900174
0021900170
0021900173
0021900169
0021900166
0021900162
0021900163
0021900164
0021900160
0021900154
0021900156
0021900157
0021900150
0021900151
0021900147
0021900153
0021900152
0021900148
0021900142
0021900140
0021900143
0021900132
0021900135
0021900139
0021900134
0021900133
0021900128
0021900131
0021900124
0021900122
0021900123
0021900125
0021900116
0021900120
0021900113
0021900115
0021900110
0021900109
0021900111
0021900106
0021900099
0021900101
0021900100
0021900097
0021900098
0021900096
0021900095
0021900093
0021900088
0021900084
0021900079
0021900081
0021900083
0021900078
0021900074
0021900075
0021900069
0021900070
0021900073
0021900072
0021900068
0021900066
0021900064
0021900061
0021900062
0021900055
0021900053
0021900049
0021900041
0021900043
0021900048
0021900050
0021900045
0021900042
0021900044
0021900038
0021900039
0021900037
0021900027
0021900026
0021900028
0021900035
0021900033
0021900032
0021900025
0021900017
0021900023
0021900019
0021900021
0021900020
0021900015
0021900006
0021900011
0021900013
0021900010
0021900003
0021900005
0021900009
0021900004
0021900001
