0022001078
0022001073
0022001074
0022001080
0022001068
0022001064
0022001061
0022001059
0022000263
0022001057
0022001058
0022001048
0022001053
0022000458
0022000255
0022001045
0022001046
0022001044
0022001042
0022001035
0022001036
0022001032
0022001041
0022001039
0022000448
0022001030
0022001027
0022001026
0022001028
0022001020
0022001019
0022000145
0022001012
0022001016
0022001015
0022001010
0022001011
0022001006
0022001005
0022001008
0022001003
0022000998
0022000997
0022001000
0022000183
0022000235
0022000987
0022000985
0022000984
0022000988
0022000989
0022000975
0022000978
0022000982
0022000974
0022000973
0022000967
0022000972
0022000961
0022000965
0022000962
0022000966
0022000964
0022000956
0022000950
0022000945
0022000940
0022000933
0022000936
0022000935
0022000938
0022000941
0022000927
0022000931
0022000919
0022000920
0022000922
0022000923
0022000926
0022000240
0022000913
0022000915
0022000912
0022000197
0022000264
0022000907
0022000906
0022000909
0022000900
0022000901
0022000225
0022000899
0022000897
0022000894
0022000890
0022000882
0022000883
0022000885
0022000891
0022000878
0022000879
0022000869
0022000874
0022000868
0022000873
0022000864
0022000863
0022000362
0022000865
0022000858
0022000852
0022000853
0022000847
0022000854
0022000846
0022000845
0022000844
0022000843
0022000842
0022000833
0022000837
0022000461
0022000830
0022000832
0022000831
0022000824
0022000825
0022000828
0022000820
0022000822
0022000821
0022000819
0022000812
0022000814
0022000809
0022000813
0022000811
0022000807
0022000810
0022000805
0022000798
0022000790
0022000796
0022000795
0022000793
0022000797
0022000792
0022000784
0022000523
0022000456
0022000776
0022000778
0022000783
0022000772
0022000774
0022000768
0022000763
0022000764
0022000762
0022000755
0022000760
0022000759
0022000754
0022000751
0022000750
0022000743
0022000736
0022000733
0022000735
0022000734
0022000722
0022000725
0022000730
0022000726
0022000723
0022000171
0022000719
0022000720
0022000707
0022000709
0022000708
0022000703
0022000706
0022000704
0022000702
0022000695
0022000698
0022000687
0022000684
0022000685
0022000691
0022000686
0022000689
0022000683
0022000688
0022000681
0022000679
0022000678
0022000667
0022000677
0022000671
0022000674
0022000670
0022000669
0022000666
0022000654
0022000658
0022000660
0022000655
0022000646
0022000016
0022000650
0022000645
0022000647
0022000643
0022000642
0022000640
0022000634
0022000633
0022000639
0022000637
0022000435
0022000629
0022000627
0022000628
0022000166
0022000621
0022000623
0022000620
0022000619
0022000618
0022000617
0022000616
0022000609
0022000611
0022000614
0022000604
0022000602
0022000599
0022000596
0022000593
0022000589
0022000587
0022000591
0022000585
0022000580
0022000570
0022000568
0022000577
0022000571
0022000575
0022000554
0022000558
0022000556
0022000555
0022000552
0022000549
0022000545
0022000551
0022000548
0022000550
0022000544
0022000543
0022000537
0022000529
0022000531
0022000533
0022000528
0022000520
0022000524
0022000514
0022000515
0022000513
0022000508
0022000511
0022000507
0022000504
0022000512
0022000510
0022000505
0022000502
0022000503
0022000493
0022000494
0022000489
0022000495
0022000496
0022000492
0022000484
0022000485
0022000483
0022000487
0022000482
0022000480
0022000479
0022000468
0022000465
0022000467
0022000472
0022000469
0022000470
0022000464
0022000459
0022000460
0022000463
0022000457
0022000454
0022000450
0022000449
0022000447
0022000439
0022000441
0022000440
0022000443
0022000438
0022000564
0022000562
0022000437
0022000433
0022000431
0022000420
0022000425
0022000411
0022000413
0022000415
0022000406
0022000412
0022000395
0022000401
0022000392
0022000393
0022000394
0022000389
0022000390
0022000384
0022000387
0022000380
0022000381
0022000376
0022000370
0022000372
0022000371
0022000374
0022000368
0022000364
0022000366
0022000363
0022000365
0022000360
0022000358
0022000355
0022000359
0022000361
0022000352
0022000344
0022000345
0022000348
0022000343
0022000350
0022000327
0022000331
0022000336
0022000334
0022000332
0022000330
0022000326
0022000324
0022000312
0022000313
0022000317
0022000314
0022000315
0022000319
0022000310
0022000311
0022000307
0022000301
0022000303
0022000302
0022000298
0022000288
0022000292
0022000293
0022000285
0022000287
0022000277
0022000276
0022000281
0022000280
0022000274
0022000268
0022000261
0022000267
0022000265
0022000259
0022000252
0022000256
0022000251
0022000249
0022000248
0022000243
0022000244
0022000237
0022000231
0022000230
0022000238
0022000241
0022000226
0022000221
0022000218
0022000220
0022000222
0022000219
0022000212
0022000203
0022000208
0022000211
0022000209
0022000206
0022000200
0022000201
0022000190
0022000193
0022000191
0022000195
0022000184
0022000182
0022000181
0022000176
0022000175
0022000165
0022000173
0022000168
0022000172
0022000163
0022000157
0022000158
0022000156
0022000155
0022000142
0022000148
0022000147
0022000135
0022000134
0022000136
0022000138
0022000124
0022000131
0022000128
0022000123
0022000126
0022000120
0022000119
0022000121
0022000111
0022000110
0022000116
0022000114
0022000115
0022000117
0022000107
0022000109
0022000105
0022000103
0022000104
0022000106
0022000095
0022000100
0022000086
0022000085
0022000091
0022000080
0022000084
0022000081
0022000079
0022000083
0022000076
0022000075
0022000077
0022000070
0022000063
0022000065
0022000057
0022000046
0022000048
0022000050
0022000049
0022000041
0022000043
0022000042
0022000045
0022000032
0022000038
0022000034
0022000033
0022000037
0022000022
0022000023
0022000030
0022000028
0022000027
0022000029
0022000010
0022000003
0022000013
0022000004
0022000012
0022000019
0022000002
